player_name: werst111
language: zh_CN
setlang: false
last_location:
  world: world
  x: -79.36425947175445
  y: 88.0
  z: -571.0302149798695
  pitch: 14.380544
  yaw: -111.907486
logout_location:
  world: world
  x: 58.1790078606973
  y: 66.0
  z: -600.9362009513399
  pitch: 22.03575
  yaw: 48.567795
default_home: 家
homes:
  家:
    world: world
    x: 58.1790078606973
    y: 66.0
    z: -600.9362009513399
    pitch: 20.2973
    yaw: 89.03998
  經驗塔:
    world: world_the_end
    x: 269.44409550643
    y: 2.0
    z: -8.67752049139546
    pitch: 51.12774
    yaw: -36.235477
