spawn:
  world: world
  x: -216.41307368249858
  y: 96.0
  z: -526.9014881046198
  pitch: 0.89995474
  yaw: -135.74785
